
	========================KNN==========================
	        earn       0.92      0.98      0.95      1045
	         acq       0.97      0.73      0.83       643
	    money-fx       0.75      0.85      0.80       142
	       grain       0.84      0.78      0.81       134
	       crude       0.81      0.90      0.85       161
	       trade       0.67      0.71      0.69       112
	    interest       0.79      0.62      0.69       102
	        ship       0.81      0.73      0.77        85
	       wheat       0.66      0.71      0.69        66
	        corn       0.74      0.58      0.65        48

	   micro avg       0.88      0.84      0.86      2538
	   macro avg       0.80      0.76      0.77      2538
	weighted avg       0.88      0.84      0.86      2538
	 samples avg       0.72      0.72      0.72      2538

	=======================SVM===========================

	        earn       0.98      0.99      0.99      1045
	         acq       0.98      0.94      0.96       643
	    money-fx       0.79      0.73      0.75       142
	       grain       0.97      0.76      0.85       134
	       crude       0.88      0.86      0.87       161
	       trade       0.85      0.72      0.78       112
	    interest       0.85      0.71      0.77       102
	        ship       0.93      0.66      0.77        85
	       wheat       0.92      0.73      0.81        66
	        corn       0.94      0.62      0.75        48

	   micro avg       0.95      0.89      0.92      2538
	   macro avg       0.91      0.77      0.83      2538
	weighted avg       0.95      0.89      0.92      2538
	 samples avg       0.77      0.77      0.77      2538
	 -----------------------stemming---------------------

	               precision    recall  f1-score   support

        earn       0.98      0.99      0.98      1045
         acq       0.98      0.95      0.97       643
    money-fx       0.81      0.79      0.80       142
       grain       0.97      0.78      0.87       134
       crude       0.86      0.85      0.86       161
       trade       0.83      0.70      0.76       112
    interest       0.84      0.69      0.76       102
        ship       0.93      0.66      0.77        85
       wheat       0.89      0.74      0.81        66
        corn       0.92      0.71      0.80        48

   micro avg       0.95      0.90      0.92      2538
   macro avg       0.90      0.79      0.84      2538
weighted avg       0.95      0.90      0.92      2538
 samples avg       0.77      0.77      0.77      2538
-----------------------------lemmatization----------------

	========================NB==========================

	        earn       0.99      0.97      0.98      1045
	         acq       0.98      0.91      0.94       643
	    money-fx       0.78      0.73      0.75       142
	       grain       0.94      0.54      0.68       134
	       crude       0.91      0.67      0.77       161
	       trade       0.86      0.39      0.54       112
	    interest       0.88      0.37      0.52       102
	        ship       0.88      0.18      0.29        85
	       wheat       0.86      0.18      0.30        66
	        corn       1.00      0.12      0.22        48

	   micro avg       0.96      0.79      0.86      2538
	   macro avg       0.91      0.51      0.60      2538
	weighted avg       0.95      0.79      0.84      2538
	 samples avg       0.71      0.70      0.70      2538
	 ----------------------stemming----------------------
	         earn       0.99      0.97      0.98      1045
         acq       0.98      0.93      0.95       643
    money-fx       0.78      0.75      0.77       142
       grain       0.91      0.65      0.76       134
       crude       0.90      0.69      0.78       161
       trade       0.87      0.40      0.55       112
    interest       0.85      0.40      0.55       102
        ship       0.88      0.25      0.39        85
       wheat       0.86      0.38      0.53        66
        corn       0.91      0.21      0.34        48

   micro avg       0.95      0.81      0.88      2538
   macro avg       0.89      0.56      0.66      2538
weighted avg       0.94      0.81      0.86      2538
 samples avg       0.72      0.71      0.71      2538
----------------------------lemmatization----------------
